67 7168 1248
0 21 1504 1120 32 32
1 0 1504 1184 32 32
2 0 1472 1184 32 32
3 0 1504 1152 32 32
4 0 1472 1152 32 32
5 0 1440 1152 32 32
6 0 1440 1184 32 32
7 0 1408 1184 32 32
8 0 1408 1152 32 32
9 0 1376 1152 32 32
10 0 1376 1184 32 32
11 0 1344 1152 32 32
12 0 1344 1184 32 32
13 0 1312 1184 32 32
14 0 1280 1184 32 32
15 0 1248 1184 32 32
16 0 1216 1184 32 32
17 0 1184 1184 32 32
18 0 1120 1184 32 32
19 0 1152 1184 32 32
20 0 1088 1184 32 32
21 0 1056 1184 32 32
22 0 1024 1184 32 32
23 0 960 1184 32 32
24 0 992 1184 32 32
25 0 928 1184 32 32
26 0 896 1184 32 32
27 0 864 1184 32 32
28 0 832 1184 32 32
29 0 800 1184 32 32
30 0 768 1184 32 32
31 0 736 1184 32 32
32 0 704 1184 32 32
33 0 672 1184 32 32
34 0 640 1184 32 32
35 0 608 1184 32 32
36 0 576 1184 32 32
37 0 544 1184 32 32
38 0 512 1184 32 32
39 0 480 1184 32 32
40 0 448 1184 32 32
41 0 416 1184 32 32
42 0 384 1184 32 32
43 0 352 1184 32 32
44 0 320 1184 32 32
45 0 288 1184 32 32
46 0 256 1184 32 32
47 0 224 1152 32 32
48 0 192 1152 32 32
49 0 160 1152 32 32
50 0 128 1152 32 32
51 0 64 1088 32 32
52 0 96 1088 32 32
53 0 192 1024 32 32
54 0 224 1024 32 32
55 0 256 1024 32 32
56 0 288 1024 32 32
57 0 320 1024 32 32
58 0 352 1024 32 32
59 0 576 1088 32 32
60 0 608 1088 32 32
61 0 832 1088 32 32
62 0 864 1088 32 32
63 0 1472 1024 32 32
64 0 1504 1024 32 32
65 3 288 992 32 32
66 1 160 864 32 32
0 0 7168 7168 
1 0 7168 3584 
9 0 7168 1792 
73 0 7168 896 
74 896 7168 896 
75 0 3584 896 
76 896 3584 896 
10 1792 7168 1792 
81 1792 7168 896 
82 2688 7168 896 
83 1792 3584 896 
84 2688 3584 896 
11 0 3584 1792 
89 0 3584 896 
90 896 3584 896 
91 0 1792 896 65 62 61 60 59 58 57 56 55 54 53 52 51 50 49 48 47 46 45 44 43 42 41 40 39 38 37 36 35 34 33 32 31 30 29 28 27 
92 896 1792 896 64 63 26 25 24 23 22 21 20 19 18 17 16 15 14 13 12 11 10 9 8 7 6 5 4 3 2 1 0 
12 1792 3584 1792 
97 1792 3584 896 
98 2688 3584 896 
99 1792 1792 896 
100 2688 1792 896 
2 3584 7168 3584 
17 3584 7168 1792 
137 3584 7168 896 
138 4480 7168 896 
139 3584 3584 896 
140 4480 3584 896 
18 5376 7168 1792 
145 5376 7168 896 
146 6272 7168 896 
147 5376 3584 896 
148 6272 3584 896 
19 3584 3584 1792 
153 3584 3584 896 
154 4480 3584 896 
155 3584 1792 896 
156 4480 1792 896 
20 5376 3584 1792 
161 5376 3584 896 
162 6272 3584 896 
163 5376 1792 896 
164 6272 1792 896 
3 0 3584 3584 
25 0 3584 1792 
201 0 3584 896 
202 896 3584 896 
203 0 1792 896 
204 896 1792 896 
26 1792 3584 1792 
209 1792 3584 896 
210 2688 3584 896 
211 1792 1792 896 
212 2688 1792 896 
27 0 1792 1792 
217 0 1792 896 
218 896 1792 896 
219 0 896 896 66 
220 896 896 896 
28 1792 1792 1792 
4 3584 3584 3584 

