56 5632 736
0 6 2816 400 5632 32
1 6 3072 496 64 224
2 6 3056 592 544 32
3 6 3072 720 64 32
4 6 3056 656 32 96
5 6 3392 528 128 32
6 6 3296 240 64 32
7 6 3296 176 448 32
8 6 3616 176 64 32
9 6 3872 176 320 32
10 6 3648 480 128 192
11 6 3840 528 128 32
12 6 4112 592 416 32
13 6 4080 496 32 224
14 6 4064 720 64 32
15 6 4080 224 32 256
16 6 4064 112 64 32
17 6 4000 48 64 32
18 26 3056 400 32 32
19 27 4112 400 32 32
20 6 3824 400 32 32
21 6 3184 400 32 32
22 6 3408 560 32 32
23 6 3152 432 32 32
24 6 3856 560 32 32
25 6 3792 432 32 32
26 6 3248 272 32 32
27 6 3536 432 32 32
28 6 3984 432 32 32
29 6 3952 208 32 32
30 6 3184 336 32 32
31 6 3824 336 32 32
32 6 3272 688 16 32
33 6 3464 592 16 32
34 6 3592 656 16 32
35 6 3720 656 16 32
36 6 3944 688 16 32
37 6 3848 496 16 32
38 6 3272 528 16 32
39 6 3464 304 16 32
40 6 3272 304 16 32
41 6 3592 304 16 32
42 6 3752 304 16 32
43 6 3976 304 16 32
44 6 3184 35 32 58
45 6 3408 35 32 58
46 6 3888 35 32 58
47 6 3760 35 32 58
48 6 3308 690 24 28
49 6 3500 690 24 28
50 6 3660 690 24 28
51 6 4012 562 24 28
52 6 3148 530 24 28
53 6 3680 560 192 32
54 6 4048 624 32 32
55 6 4086 656 44 96
0 0 0 5632
1 0 0 2816
9 0 0 1408
73 0 0 704 0
74 704 0 1408 0
75 0 704 704
76 704 704 1408
10 1408 0 2816
81 1408 0 2112 0
82 2112 0 2816 2 0
83 1408 704 2112
84 2112 704 2816
11 0 1408 1408
12 1408 1408 2816
2 2816 0 5632
17 2816 0 4224
137 2816 0 3520 52 49 48 45 44 40 39 38 33 32 30 26 23 22 21 18 7 6 5 4 3 2 1 0
138 3520 0 4224 55 54 53 51 50 47 46 43 42 41 37 36 35 34 31 29 28 27 25 24 20 19 17 16 15 14 13 12 11 10 9 8 0
139 2816 704 3520 45 44
140 3520 704 4224 47 46
18 4224 0 5632
145 4224 0 4928 12 0
146 4928 0 5632 0
147 4224 704 4928
148 4928 704 5632
19 2816 1408 4224
20 4224 1408 5632
3 0 2816 2816
4 2816 2816 5632
